C:/Users/hanjx/Desktop/Item/images/0619_1.jpg 795,256,1190,416,0 964,476,1081,596,0 1110,611,1268,769,0 937,740,1090,856,0 1324,338,1508,502,0 1339,685,1512,783,0
C:/Users/hanjx/Desktop/Item/images/0619_10.jpg 844,567,1173,682,0 1206,687,1435,822,0 953,758,1115,858,0 484,782,615,893,0 915,893,1024,965,0 781,985,973,1107,0 730,1256,933,1380,0 1046,1025,1215,1145,0 1326,1047,1481,1138,0 1186,909,1393,1027,0 668,785,835,873,0
C:/Users/hanjx/Desktop/Item/images/0619_11.jpg 828,556,1139,698,0 346,733,506,813,0 461,818,584,907,0 955,771,1170,920,0 784,989,970,1127,0 566,956,750,1036,0 728,1269,944,1407,0 1021,1045,1201,1173,0 1197,916,1386,1049,0 1321,1073,1486,1167,0 1210,689,1424,827,0 168,1025,306,1187,0
C:/Users/hanjx/Desktop/Item/images/0619_12.jpg 799,533,1179,669,0 473,747,599,871,0 957,738,1113,856,0 786,938,966,1098,0 570,922,761,1011,0 733,1240,946,1362,0 1026,1005,1195,1138,0 1153,871,1401,1025,0 1213,662,1419,807,0 1306,1042,1493,1127,0 188,985,293,1151,0
C:/Users/hanjx/Desktop/Item/images/0619_13.jpg 804,527,1159,665,0 466,767,588,853,0 175,1000,299,1145,0 1150,887,1393,1027,0 797,967,959,1089,0 1006,1020,1197,1122,0 730,1260,906,1338,0 1141,1149,1275,1225,0 644,769,817,862,0 1168,676,1417,791,0
C:/Users/hanjx/Desktop/Item/images/0619_14.jpg 833,558,1153,673,0 479,776,575,873,0 1090,696,1406,800,0 955,776,1079,858,0 804,985,950,1102,0 184,1016,290,1136,0 737,1262,917,1360,0 1044,1053,1181,1125,0 1157,900,1375,1042,0 655,793,808,862,0 1104,1156,1277,1236,0 1339,1073,1488,1125,0 521,625,670,676,0
C:/Users/hanjx/Desktop/Item/images/0619_15.jpg 815,540,1150,649,0 499,760,608,876,0 695,769,830,858,0 964,736,1130,862,0 1175,907,1395,1036,0 824,980,979,1091,0 575,911,770,1025,0 206,996,317,1145,0 764,1236,957,1369,0 1337,1047,1499,1147,0 1177,689,1439,805,0 219,860,393,958,0 1146,1127,1297,1240,0
C:/Users/hanjx/Desktop/Item/images/0619_16.jpg 717,638,1030,765,0 368,849,499,953,0 70,1069,188,1242,0 830,820,1001,947,0 681,1020,873,1187,0 473,998,653,1100,0 644,1331,837,1453,0 921,1107,1095,1222,0 1059,969,1204,1085,0 1324,858,1477,949,0 1108,789,1261,873,0 1230,1145,1364,1207,0
C:/Users/hanjx/Desktop/Item/images/0619_17.jpg 726,640,1033,749,0 379,849,486,949,0 575,851,701,940,0 859,833,997,931,0 715,1049,850,1176,0 475,1007,644,1093,0 1055,971,1264,1102,0 946,1122,1097,1202,0 1093,758,1301,889,0 1370,873,1470,942,0 75,1078,179,1247,0 621,1333,848,1436,0
C:/Users/hanjx/Desktop/Item/images/0619_18.jpg 710,627,1057,756,0 361,833,484,947,0 548,851,715,929,0 853,813,990,933,0 1119,769,1299,876,0 1353,851,1470,938,0 1057,991,1270,1093,0 937,1122,1095,1202,0 666,1333,844,1425,0 1021,1240,1206,1316,0 1219,1125,1373,1205,0 459,996,653,1071,0 719,1045,850,1178,0
C:/Users/hanjx/Desktop/Item/images/0619_19.jpg 795,569,1137,707,0 448,796,577,905,0 619,809,797,896,0 930,771,1075,885,0 790,1002,933,1129,0 566,947,733,1045,0 1119,920,1335,1056,0 1001,1065,1161,1160,0 719,1282,899,1378,0 1117,1182,1275,1260,0 1313,1078,1461,1147,0 161,1022,277,1176,0 1184,687,1373,853,0
C:/Users/hanjx/Desktop/Item/images/0619_2.jpg 953,756,1139,922,0 1157,942,1410,1096,0 495,822,624,929,0 746,1296,961,1420,0 815,1011,999,1160,0 1195,945,1379,1093,0 1133,1185,1313,1307,0
C:/Users/hanjx/Desktop/Item/images/0619_20.jpg 719,640,1070,767,0 377,856,477,958,0 61,1085,170,1245,0 461,1009,655,1100,0 717,1047,848,1189,0 1004,996,1237,1105,0 944,1136,1066,1202,0 1035,1262,1184,1327,0 1337,876,1464,945,0 855,851,995,933,0 555,865,710,942,0 666,1353,824,1447,0 1213,1151,1361,1216,0 1357,1067,1486,1127,0
C:/Users/hanjx/Desktop/Item/images/0619_21.jpg 713,653,1010,762,0 364,871,473,951,0 1084,780,1259,898,0 837,871,970,942,0 779,965,906,1025,0 468,1029,639,1098,0 713,1060,848,1173,0 1010,1018,1233,1107,0 924,1127,1066,1205,0 1013,1249,1173,1333,0 657,1360,824,1447,0 1304,882,1466,956,0 550,838,706,940,0
C:/Users/hanjx/Desktop/Item/images/0619_22.jpg 717,656,1019,765,0 364,885,481,960,0 537,887,704,965,0 837,871,993,973,0 1041,1007,1253,1116,0 668,1058,848,1178,0 450,1033,626,1109,0 939,1153,1066,1216,0 659,1369,819,1453,0 997,1260,1155,1336,0 1197,1162,1353,1231,0 1304,876,1453,958,0 50,1076,155,1249,0 1019,1380,1344,1451,0 1339,1067,1490,1142,0
C:/Users/hanjx/Desktop/Item/images/0619_23.jpg 713,669,1001,776,0 355,865,457,960,0 517,876,675,965,0 806,871,979,960,0 1004,1011,1237,1133,0 630,1062,844,1171,0 384,1029,599,1107,0 904,1165,1041,1216,0 950,1253,1110,1338,0 639,1362,801,1456,0 33,1107,130,1229,0 1313,905,1424,976,0 1033,802,1268,918,0
C:/Users/hanjx/Desktop/Item/images/0619_24.jpg 666,673,986,811,0 759,860,953,980,0 953,998,1215,1147,0 619,1062,801,1187,0 408,1025,559,1120,0 919,1271,1113,1347,0 604,1376,775,1476,0 1277,1007,1386,1091,0 1148,1176,1293,1231,0 319,882,421,971,0 17,1087,99,1227,0
C:/Users/hanjx/Desktop/Item/images/0619_25.jpg 619,651,950,787,0 973,800,1206,929,0 770,878,919,976,0 715,1007,850,1060,0 361,1045,584,1145,0 619,1080,784,1189,0 964,1016,1179,1151,0 839,1160,984,1247,0 586,1373,775,1471,0 270,880,401,996,0
C:/Users/hanjx/Desktop/Item/images/0619_26.jpg 661,649,953,787,0 313,867,410,978,0 761,865,919,978,0 610,1067,770,1202,0 357,1027,570,1125,0 948,1007,1206,1156,0 826,1165,975,1240,0 573,1356,748,1478,0 1017,789,1208,920,0 1264,909,1395,978,0
C:/Users/hanjx/Desktop/Item/images/0619_27.jpg 653,649,1013,809,0 268,882,433,993,0 739,842,930,967,0 930,976,1195,1127,0 610,1058,790,1191,0 353,1016,570,1140,0 546,1340,777,1478,0 901,1220,1073,1353,0 1119,1158,1295,1236,0 1255,887,1406,967,0 459,853,641,967,0
C:/Users/hanjx/Desktop/Item/images/0619_28.jpg 726,647,1104,760,0 406,862,535,969,0 1055,778,1333,896,0 868,836,1017,958,0 724,1029,899,1156,0 473,1005,688,1078,0 70,1069,213,1265,0 655,1338,875,1447,0 964,1109,1124,1211,0 593,838,746,940,0 1110,980,1301,1109,0
C:/Users/hanjx/Desktop/Item/images/0619_29.jpg 668,647,988,765,0 326,851,450,947,0 804,822,961,947,0 664,1031,833,1162,0 408,989,613,1105,0 604,1331,817,1436,0 875,1113,1055,1225,0 1141,1133,1328,1233,0 1008,982,1210,1080,0 1055,796,1279,889,0 26,1065,177,1227,0
C:/Users/hanjx/Desktop/Item/images/0619_3.jpg 857,576,1219,718,0 497,829,619,918,0 975,769,1144,911,0 1055,1078,1219,1185,0 1206,938,1419,1098,0 755,1300,948,1425,0 1261,709,1437,858,0
C:/Users/hanjx/Desktop/Item/images/0619_30.jpg 610,627,984,773,0 268,840,430,953,0 468,851,650,958,0 753,825,946,962,0 970,976,1206,1127,0 1035,765,1226,887,0 870,1200,1119,1320,0 573,1331,786,1447,0 635,1009,768,1138,0 359,1000,566,1082,0 35,1080,135,1233,0
C:/Users/hanjx/Desktop/Item/images/0619_32.jpg 797,658,1101,800,0 1133,811,1350,936,0 344,809,481,865,0 466,876,555,953,0 635,882,766,965,0 906,880,1046,960,0 757,1053,910,1180,0 495,1007,715,1102,0 1104,1029,1306,1127,0 1013,1149,1119,1240,0 719,1369,884,1445,0 1028,1260,1195,1336,0 1259,1165,1419,1242,0 108,1089,255,1222,0
C:/Users/hanjx/Desktop/Item/images/0619_33.jpg 775,667,1075,791,0 1108,785,1335,911,0 446,865,550,967,0 615,878,777,960,0 904,858,1037,965,0 739,1049,906,1167,0 501,1002,717,1082,0 119,1069,237,1225,0 961,1138,1137,1225,0 1106,1011,1306,1118,0 706,1351,890,1440,0 1033,1258,1235,1338,0 1388,891,1488,976,0 1255,1151,1401,1225,0
C:/Users/hanjx/Desktop/Item/images/0619_34.jpg 744,665,1079,785,0 1106,802,1333,911,0 873,873,1017,956,0 584,871,768,953,0 406,860,544,962,0 93,1069,228,1238,0 746,1049,915,1145,0 468,1009,713,1058,0 1053,1007,1326,1125,0 670,1347,888,1445,0 1237,1167,1426,1193,0 986,1242,1230,1322,0
C:/Users/hanjx/Desktop/Item/images/0619_35.jpg 746,647,1099,762,0 419,871,544,951,0 890,851,1041,949,0 1090,985,1299,1118,0 735,1047,910,1153,0 486,1007,699,1058,0 964,1136,1124,1222,0 670,1342,881,1440,0 1001,1242,1241,1291,0 1241,1162,1415,1209,0 108,1062,217,1236,0 1146,789,1339,896,0 586,858,750,940,0
C:/Users/hanjx/Desktop/Item/images/0619_36.jpg 541,669,950,787,0 935,813,1173,922,0 273,880,381,980,0 433,898,599,967,0 739,880,857,956,0 593,1060,753,1160,0 335,1022,544,1109,0 550,1349,730,1440,0 819,1136,953,1225,0 895,1256,1048,1313,0 944,1027,1128,1131,0 1219,896,1339,971,0 1393,931,1484,1042,0 1077,1182,1259,1196,0 1255,1100,1446,1125,0
C:/Users/hanjx/Desktop/Item/images/0619_38.jpg 666,687,1066,818,0 997,842,1306,938,0 813,900,984,989,0 375,885,479,993,0 544,896,695,989,0 408,1045,657,1105,0 695,1078,848,1200,0 1001,1033,1257,1167,0 886,1167,1057,1245,0 630,1373,815,1467,0 719,1251,868,1353,0 1170,1191,1328,1262,0 1324,933,1457,1009,0
C:/Users/hanjx/Desktop/Item/images/0619_4.jpg 955,767,1113,898,0 1128,918,1386,1071,0 886,593,1159,700,0 815,1009,968,1142,0 764,1302,937,1418,0 1130,1178,1288,1282,0 488,820,619,900,0
C:/Users/hanjx/Desktop/Item/images/0619_40.jpg 521,573,866,693,0 866,705,1099,811,0 1141,662,1297,769,0 1144,793,1277,853,0 1344,816,1488,925,0 864,909,1093,1022,0 744,1031,935,1111,0 530,958,699,1087,0 204,796,315,902,0 277,918,490,1025,0 370,787,535,869,0 686,769,815,869,0 515,1269,715,1367,0 821,1140,997,1220,0 579,1136,744,1229,0
C:/Users/hanjx/Desktop/Item/images/0619_42.jpg 506,600,879,709,0 875,727,1133,827,0 690,791,830,887,0 553,976,721,1105,0 264,936,510,1058,0 881,913,1124,1060,0 764,1078,921,1105,0 1199,807,1299,880,0 1057,1091,1224,1138,0 528,1282,735,1371,0 828,1162,1026,1251,0 217,820,341,907,0 390,818,573,911,0 1357,838,1461,965,0
C:/Users/hanjx/Desktop/Item/images/0619_43.jpg 537,665,884,769,0 893,811,1135,896,0 673,856,857,962,0 557,1045,728,1160,0 881,1002,1146,1129,0 426,1322,699,1447,0 850,1222,1046,1329,0 241,865,337,985,0 259,1020,506,1120,0 388,900,581,976,0 1181,880,1306,965,0 1359,905,1501,1065,0 1041,1145,1199,1213,0
C:/Users/hanjx/Desktop/Item/images/0619_5.jpg 488,825,615,931,0 957,782,1115,896,0 915,936,1048,1000,0 1150,918,1375,1076,0 735,1311,950,1420,0 833,1038,984,1145,0 1059,1098,1208,1187,0 1210,718,1428,847,0 684,813,839,922,0
C:/Users/hanjx/Desktop/Item/images/0619_6.jpg 881,602,1197,718,0 481,822,606,922,0 981,789,1126,893,0 815,1016,964,1145,0 604,965,759,1051,0 1157,942,1386,1080,0 1039,1091,1204,1185,0 773,1331,939,1422,0 1128,1216,1293,1309,0 1235,722,1448,856,0 648,807,844,925,0
C:/Users/hanjx/Desktop/Item/images/0619_7.jpg 493,831,619,916,0 868,618,1155,698,0 959,787,1133,893,0 621,976,773,1058,0 821,1018,977,1158,0 1184,936,1393,1100,0 1048,1100,1201,1182,0 779,1322,939,1416,0 1137,1202,1321,1305,0 670,811,841,913,0 1246,705,1433,853,0
C:/Users/hanjx/Desktop/Item/images/0619_8.jpg 839,560,1215,669,0 477,756,590,862,0 673,765,826,869,0 948,742,1104,849,0 808,960,959,1100,0 1166,887,1393,1031,0 1021,1038,1201,1116,0 750,1253,937,1358,0 1121,1145,1279,1236,0 1241,667,1430,800,0 1326,1049,1481,1125,0 586,925,768,1009,0
C:/Users/hanjx/Desktop/Item/images/0619_9.jpg 819,549,1173,671,0 466,767,599,878,0 664,771,833,867,0 957,738,1119,849,0 788,962,975,1107,0 1166,873,1381,1049,0 739,1262,955,1369,0 1090,1156,1304,1249,0
